1 20 2 3 2 46 51 54 69 75 2
21 30 3 5 2 46 51 54 69 75 2
31 40 3 6.5 2 46 51 54 69 75 2
41 50 5 8.5 2 46 51 54 69 75 2
51 60 5 11.5 2 46 51 54 69 75 2
61 70 6.5 12.5 2 46 51 54 69 75 2
71 80 6.5 14.5 2 46 51 54 69 75 2
81 90 8.5 15.5 2 46 51 54 69 75 2
91 100 9.5 17.5 2 46 51 54 69 75 2
101 110 9.5 20.5 2 46 51 54 69 75 3
111 120 11.5 21.5 2 46 51 54 69 75 3
121 130 12.5 23.5 2 46 51 54 69 75 3
131 140 12.5 24.5 3 46 51 54 69 75 3
141 150 14.5 26.5 3 46 51 54 69 75 3
151 160 14.5 27.5 3 46 51 54 69 75 3
161 170 15.5 30.5 3 46 51 54 69 75 3
171 180 17.5 32.5 3 46 51 54 69 75 5
181 190 17.5 33.5 3 46 51 54 69 75 5
191 200 18.5 35.5 3 46 51 54 69 75 5
201 220 21.5 38.5 3 46 51 54 69 75 5
221 240 22.5 41.5 5 46 51 54 69 75 5
241 260 24.5 44.5 5 46 51 54 69 75 6
261 280 25.5 47.5 5 46 51 54 69 75 6
281 300 27.5 50.5 5 46 51 54 69 75 6
301 320 28.5 53.5 6 46 51 54 69 75 6
321 340 30.5 57.5 6 46 51 54 69 75 8
341 360 31.5 60.5 6 46 51 54 69 75 8
361 380 33.5 63.5 6 46 51 54 69 75 8
381 400 34.5 66.5 6 46 51 54 69 75 8
401 430 37.5 71.5 8 48 52 55 70 78 9
431 460 39.5 75.5 8 51 55 58 75 82 9
461 490 42 80 8 54 57 61 79 87 11
491 520 43 84 9 57 60 64 84 91 11
521 550 46 89 9 58 63 67 87 96 11
551 580 48 93 9 61 66 70 91 100 12
581 610 51 98 9 63 67 73 94 103 12
611 640 52 102 11 66 70 75 97 108 12
641 670 55 105 11 67 73 78 102 112 14
671 700 57 110 11 70 75 81 105 117 14
701 740 60 116 12 73 78 84 109 121 14
741 780 63 120 12 76 82 88 115 126 15
781 820 66 126 12 79 85 91 120 132 15
821 860 67 132 14 82 88 96 124 138 17
861 900 70 138 14 85 91 99 129 142 17
901 940 73 143 14 88 96 102 135 148 18
941 980 76 149 15 91 99 106 139 154 18
981 1020 78.5 154.5 15 94 102 109 144 159 20
1021 1060 81.5 158.5 17 97 105 112 148 165 20
1061 1100 83.5 164.5 17 100 108 117 153 169 21
1101 1150 86.5 169.5 17 103 111 120 157 174 21
1151 1200 89.5 176.5 18 106 115 124 163 180 23
1201 1250 93.5 182.5 18 109 118 127 168 186 23
1251 1300 96.5 188.5 18 112 123 132 174 192 24
1301 1350 99.5 194.5 20 117 126 136 180 198 24
1351 1400 102.5 200.5 20 120 130 139 184 204 26
1401 1450 105.5 206.5 21 123 133 144 190 210 26
1451 1500 108.5 212.5 21 127 138 148 195 216 27
1501 1550 111.5 218.5 21 130 141 151 201 222 27
1551 1600 114.5 224.5 23 133 144 154 205 228 29
1601 1660 117 230 23 136 147 159 210 232 29
1661 1720 120 236 24 139 151 163 216 238 30
1721 1780 123 242 24 142 154 166 222 246 30
1781 1840 126 250 24 147 159 171 226 252 32
1841 1900 129 256 26 150 162 175 232 258 32
1901 1960 132 262 26 153 166 180 238 264 33
1961 2020 137 268 27 157 169 183 243 270 33
2021 2080 140 275 27 160 174 187 249 276 35
2081 2140 143 281 29 163 178 192 255 282 35
2141 2200 146 287 29 168 181 196 259 288 36
2201 2270 149 295 29 171 186 201 265 295 36
2271 2340 153 302 30 175 190 205 273 303 38
2341 2410 155.5 309.5 30 180 195 210 279 309 39
2411 2480 160.5 316.5 32 183 199 214 285 316 39
2481 2550 163.5 322.5 32 187 204 219 291 324 41
2551 2620 166.5 330.5 33 190 207 223 297 330 41
2621 2690 170.5 336.5 33 193 210 228 303 336 42
2691 2760 173.5 342.5 35 198 214 231 307 342 42
2761 2830 176.5 348.5 35 201 217 235 313 348 44
2831 2900 179.5 354.5 35 204 222 240 318 354 44
2901 2980 182.5 361.5 36 208 225 243 324 360 45
2981 3060 185.5 367.5 36 211 229 247 330 367 45
3061 3140 190.5 375.5 38 216 234 251 336 373 47
3141 3220 193 382 38 219 238 258 343 381 48
3221 3300 197 388 39 223 243 262 349 387 48
3301 3380 200 396 39 226 247 267 355 394 50
3381 3460 203 403 41 231 250 271 361 402 50
3461 3540 208 411 41 235 255 276 367 408 51
3541 3620 211 417 42 238 259 280 373 415 53
3621 3700 215 424 42 243 264 285 379 421 53
3701 3790 218 432 44 246 268 289 387 429 54
3791 3880 223 441 44 250 273 295 393 436 54
3881 3970 226 448 45 255 277 300 400 444 56
3971 4060 229.5 455.5 45 259 282 304 406 453 57
4061 4150 234.5 464.5 47 264 286 310 414 460 57
4151 4240 238.5 471.5 47 268 292 315 421 468 59
4241 4330 241.5 479.5 48 273 297 321 427 475 60
4331 4420 246.5 488.5 48 277 301 325 435 483 60
4421 4510 250.5 495.5 50 282 306 331 441 490 62
4511 4600 253.5 503.5 50 286 310 336 448 498 63
4601 4700 258.5 512.5 51 291 316 342 456 507 63
4701 4800 262.5 521.5 53 295 321 346 463 516 65
4801 4900 267 530 53 300 327 352 471 523 66
4901 5000 271 539 54 304 331 358 478 532 68
5001 5100 276 546 54 310 337 364 486 541 68
5101 5200 280 555 56 315 342 370 495 549 69
5201 5300 285 564 56 319 348 375 502 558 71
5301 5400 289 573 57 324 352 381 510 567 72
5401 5500 294 582 59 328 358 387 517 576 72
5501 5600 298 591 59 334 363 393 525 583 74
5601 5700 303 600 60 339 369 399 532 592 75
5701 5800 306.5 608.5 60 343 373 403 540 601 75
5801 5900 311.5 617.5 62 348 379 409 547 609 77
5901 6000 315.5 626.5 63 354 383 415 556 618 78