1 20 1 2 1 34 37 39 49 53 1
21 30 2 3 1 34 37 39 49 53 1
31 40 2 4 1 34 37 39 49 53 1
41 50 3 5 1 34 37 39 49 53 1
51 60 3 7.5 1 34 37 39 49 53 1
61 70 4 8.5 1 34 37 39 49 53 1
71 80 4 9.5 1 34 37 39 49 53 1
81 90 5 10.5 1 34 37 39 49 53 1
91 100 6.5 11.5 1 34 37 39 49 53 1
101 110 6.5 13.5 1 34 37 39 49 53 2
111 120 7.5 14.5 1 34 37 39 49 53 2
121 130 8.5 15.5 1 34 37 39 49 53 2
131 140 8.5 16.5 2 34 37 39 49 53 2
141 150 9.5 17.5 2 34 37 39 49 53 2
151 160 9.5 18.5 2 34 37 39 49 53 2
161 170 10.5 20.5 2 34 37 39 49 53 2
171 180 11.5 21.5 2 34 37 39 49 53 3
181 190 11.5 22.5 2 34 37 39 49 53 3
191 200 12.5 23.5 2 34 37 39 49 53 3
201 220 14.5 25.5 2 34 37 39 49 53 3
221 240 15.5 27.5 3 34 37 39 49 53 3
241 260 16.5 29.5 3 34 37 39 49 53 4
261 280 17.5 31.5 3 34 37 39 49 53 4
281 300 18.5 33.5 3 34 37 39 49 53 4
301 320 19.5 35.5 4 34 37 39 49 53 4
321 340 20.5 38.5 4 34 37 39 49 53 5
341 360 21.5 40.5 4 34 37 39 49 53 5
361 380 22.5 42.5 4 34 37 39 49 53 5
381 400 23.5 44.5 4 34 37 39 49 53 5
401 430 25.5 47.5 5 35 38 40 50 55 6
431 460 26.5 50.5 5 37 40 42 53 58 6
461 490 28 53.5 5 39 41 44 56 61 7
491 520 29 56 6 41 43 46 59 64 7
521 550 31 59 6 42 45 48 61 67 7
551 580 32 62 6 44 47 50 64 70 8
581 610 34 65 6 45 48 52 66 72 8
611 640 35 68 7 47 50 53 68 75 8
641 670 37 70 7 48 52 55 71 78 9
671 700 38 73 7 50 53 57 73 81 9
701 740 40 77 8 52 55 59 76 84 9
741 780 42 80 8 54 58 62 80 87 10
781 820 44 84 8 56 60 64 83 91 10
821 860 45 88 9 58 62 67 86 95 11
861 900 47 92 9 60 64 69 89 98 11
901 940 49 95 9 62 67 71 93 102 12
941 980 51 99 10 64 69 74 96 106 12
981 1020 52.5 102.5 10 66 71 76 99 109 13
1021 1060 54.5 105.5 11 68 73 78 102 113 13
1061 1100 55.5 109.5 11 70 75 81 105 116 14
1101 1150 57.5 112.5 11 72 77 83 108 119 14
1151 1200 59.5 117.5 12 74 80 86 112 123 15
1201 1250 62.5 121.5 12 76 82 88 115 127 15
1251 1300 64.5 125.5 12 78 85 91 119 131 16
1301 1350 66.5 129.5 13 81 87 94 123 135 16
1351 1400 68.5 133.5 13 83 90 96 126 139 17
1401 1450 70.5 137.5 14 85 92 99 130 143 17
1451 1500 72.5 141.5 14 88 95 102 133 147 18
1501 1550 74.5 145.5 14 90 97 104 137 151 18
1551 1600 76.5 149.5 15 92 99 106 140 155 19
1601 1660 78 153 15 94 101 109 143 158 19
1661 1720 80 157 16 96 104 112 147 162 20
1721 1780 82 161 16 98 106 114 151 167 20
1781 1840 84 166 16 101 109 117 154 171 21
1841 1900 86 170 17 103 111 120 158 175 21
1901 1960 88 174 17 105 114 123 162 179 22
1961 2020 91 178 18 108 116 125 165 183 22
2021 2080 93 183 18 110 119 128 169 187 23
2081 2140 95 187 19 112 122 131 173 191 23
2141 2200 97 191 19 115 124 134 176 195 24
2201 2270 99 196 19 117 127 137 180 200 24
2271 2340 102 201 20 120 130 140 185 205 25
2341 2410 103.5 205.5 20 123 133 143 189 209 26
2411 2480 106.5 210.5 21 125 136 146 193 214 26
2481 2550 108.5 214.5 21 128 139 149 197 219 27
2551 2620 110.5 219.5 22 130 141 152 201 223 27
2621 2690 113.5 223.5 22 132 143 155 205 227 28
2691 2760 115.5 227.5 23 135 146 157 208 231 28
2761 2830 117.5 231.5 23 137 148 160 212 235 29
2831 2900 119.5 235.5 23 139 151 163 215 239 29
2901 2980 121.5 240.5 24 142 153 165 219 243 30
2981 3060 123.5 244.5 24 144 156 168 223 248 30
3061 3140 126.5 249.5 25 147 159 172 227 252 31
3141 3220 128 254 25 149 162 175 232 257 32
3221 3300 131 258 26 152 165 175 236 261 32
3301 3380 133 263 26 154 168 181 240 266 33
3381 3460 135 268 27 157 170 184 244 271 33
3461 3540 138 273 27 160 173 187 248 275 34
3541 3620 140 277 28 162 176 190 252 280 35
3621 3700 143 282 28 165 179 193 256 284 35
3701 3790 145 287 29 167 182 196 261 289 36
3791 3880 148 292 29 170 185 200 265 294 36
3881 3970 150 298 30 173 188 203 270 299 37
3971 4060 152.2 302.5 30 176 191 206 274 305 38
4061 4150 155.5 308.5 31 179 194 210 279 310 38
4151 4240 158.5 313.5 31 182 198 213 284 315 39
4241 4330 160.5 318.5 32 185 201 217 288 320 40
4331 4420 163.5 324.5 32 188 204 220 293 325 40
4421 4510 166.5 329.5 33 191 207 224 297 330 41
4511 4600 168.5 334.5 33 194 210 227 302 335 42
4601 4700 171.5 340.5 34 197 214 231 307 341 42
4701 4800 174.5 346.5 35 200 217 234 312 347 43
4801 4900 177 352 35 203 221 238 317 352 44
4901 5000 180 358 36 206 224 242 322 358 45
5001 5100 183 363 36 210 228 246 327 364 45
5101 5200 186 369 37 213 231 250 333 369 46
5201 5300 189 375 37 216 235 253 338 375 47
5301 5400 192 381 38 219 238 257 343 381 48
5401 5500 195 387 39 222 242 261 348 387 48
5501 5600 198 393 39 226 245 265 353 392 49
5601 5700 201 399 40 229 249 269 358 398 50
5701 5800 203.5 404.5 40 232 252 272 363 404 50
5801 5900 206.5 410.5 41 235 256 276 369 409 51
5901 6000 209.5 416.5 42 239 259 280 374 415 52